A = [2.101 -23510 11.4451 -11325; 1.4321 41320 -13.1456 28.723; 0.3443 6.3277 1.255 -7.254]

A =

  1.0e+004 *

    0.0002   -2.3510    0.0011   -1.1325
    0.0001    4.1320   -0.0013    0.0029
    0.0000    0.0006    0.0001   -0.0007

B = rref(A)

B =

  1.0e+003 *

    0.0010         0         0   -6.1660
         0    0.0010         0    0.0007
         0         0    0.0010    1.6820


